=================================
# quCR linear Scan Data
=================================
#    Integration Time: 0.5 s
#  position (mm)         coinc. rates: (s^-1) ch 0 1 2 3 01...
0.0053   36838  39168  0  0  630  0  0  0  0  0  0  0  0  0  0
0.005625   37098  39416  0  0  636  0  0  0  0  0  0  0  0  0  0
0.0059375   36830  39102  0  0  622  0  0  0  0  0  0  0  0  0  0
0.00625   36758  39216  0  0  604  0  0  0  0  0  0  0  0  0  0
0.0065625   36790  39234  0  0  634  0  0  0  0  0  0  0  0  0  0
0.006875   37088  38666  0  0  538  0  0  0  0  0  0  0  0  0  0
0.0071875   36790  38618  0  0  608  0  0  0  0  0  0  0  0  0  0
0.0075   36668  39502  0  0  588  0  0  0  0  0  0  0  0  0  0
0.0078125   36644  38646  0  0  662  0  0  0  0  0  0  0  0  0  0
0.008125   37002  38890  0  0  586  0  0  0  0  0  0  0  0  0  0
0.0084375   37168  38838  0  0  618  0  0  0  0  0  0  0  0  0  0
0.00875   36758  39582  0  0  648  0  0  0  0  0  0  0  0  0  0
0.0090625   36896  39364  0  0  666  0  0  0  0  0  0  0  0  0  0
0.009375   36630  39004  0  0  660  0  0  0  0  0  0  0  0  0  0
0.0096875   36250  39702  0  0  632  0  0  0  0  0  0  0  0  0  0
0.01   37216  39006  0  0  638  0  0  0  0  0  0  0  0  0  0
0.0103125   36666  39220  0  0  630  0  0  0  0  0  0  0  0  0  0
0.010625   37204  39178  0  0  676  0  0  0  0  0  0  0  0  0  0
0.0109375   37274  39404  0  0  592  0  0  0  0  0  0  0  0  0  0
0.01125   37018  39412  0  0  596  0  0  0  0  0  0  0  0  0  0
0.0115625   36612  38874  0  0  586  0  0  0  0  0  0  0  0  0  0
0.011875   36580  38906  0  0  606  0  0  0  0  0  0  0  0  0  0
0.0121875   36754  38698  0  0  666  0  0  0  0  0  0  0  0  0  0
0.0125   36718  39090  0  0  640  0  0  0  0  0  0  0  0  0  0
0.0128125   36948  39094  0  0  648  0  0  0  0  0  0  0  0  0  0
0.013125   37354  39094  0  0  684  0  0  0  0  0  0  0  0  0  0
0.0134375   36882  39242  0  0  584  0  0  0  0  0  0  0  0  0  0
0.01375   36860  39788  0  0  648  0  0  0  0  0  0  0  0  0  0
0.0140625   36634  39522  0  0  648  0  0  0  0  0  0  0  0  0  0
0.014375   36850  39278  0  0  694  0  0  0  0  0  0  0  0  0  0
0.0146875   37020  39534  0  0  642  0  0  0  0  0  0  0  0  0  0
0.015   36884  39204  0  0  576  0  0  0  0  0  0  0  0  0  0
0.0153125   36986  39172  0  0  580  0  0  0  0  0  0  0  0  0  0
0.015625   36644  38764  0  0  628  0  0  0  0  0  0  0  0  0  0
0.0159375   37276  39196  0  0  582  0  0  0  0  0  0  0  0  0  0
0.01625   37028  39182  0  0  660  0  0  0  0  0  0  0  0  0  0
0.0165625   36824  39510  0  0  654  0  0  0  0  0  0  0  0  0  0
0.016875   37050  39048  0  0  598  0  0  0  0  0  0  0  0  0  0
0.0171875   37080  38948  0  0  606  0  0  0  0  0  0  0  0  0  0
0.0175   37028  39214  0  0  570  0  0  0  0  0  0  0  0  0  0
0.0178125   36698  39426  0  0  610  0  0  0  0  0  0  0  0  0  0
0.018125   36728  39212  0  0  696  0  0  0  0  0  0  0  0  0  0
0.0184375   36954  39540  0  0  636  0  0  0  0  0  0  0  0  0  0
0.01875   37060  39268  0  0  634  0  0  0  0  0  0  0  0  0  0
0.0190625   36962  39150  0  0  642  0  0  0  0  0  0  0  0  0  0
0.019375   36634  38788  0  0  648  0  0  0  0  0  0  0  0  0  0
0.0196875   37232  38766  0  0  648  0  0  0  0  0  0  0  0  0  0
0.02   37268  38756  0  0  538  0  0  0  0  0  0  0  0  0  0
0.0203125   36836  38934  0  0  598  0  0  0  0  0  0  0  0  0  0
0.020625   37340  39538  0  0  652  0  0  0  0  0  0  0  0  0  0
0.0209375   37392  39408  0  0  614  0  0  0  0  0  0  0  0  0  0
0.02125   36422  38988  0  0  548  0  0  0  0  0  0  0  0  0  0
0.0215625   36984  39156  0  0  576  0  0  0  0  0  0  0  0  0  0
0.021875   36878  38656  0  0  636  0  0  0  0  0  0  0  0  0  0
0.0221875   37032  39188  0  0  648  0  0  0  0  0  0  0  0  0  0
0.0225   36708  39348  0  0  622  0  0  0  0  0  0  0  0  0  0
0.0228125   37018  38666  0  0  632  0  0  0  0  0  0  0  0  0  0
0.023125   36826  38986  0  0  644  0  0  0  0  0  0  0  0  0  0
0.0234375   36944  39996  0  0  600  0  0  0  0  0  0  0  0  0  0
0.02375   37200  39050  0  0  596  0  0  0  0  0  0  0  0  0  0
0.0240625   37204  39108  0  0  598  0  0  0  0  0  0  0  0  0  0
0.024375   36898  39040  0  0  640  0  0  0  0  0  0  0  0  0  0
0.0246875   36952  39600  0  0  612  0  0  0  0  0  0  0  0  0  0
0.025   37054  39742  0  0  692  0  0  0  0  0  0  0  0  0  0
0.0253125   36850  38784  0  0  668  0  0  0  0  0  0  0  0  0  0
0.025625   36586  39158  0  0  600  0  0  0  0  0  0  0  0  0  0
0.0259375   37026  39090  0  0  646  0  0  0  0  0  0  0  0  0  0
0.02625   36794  39382  0  0  632  0  0  0  0  0  0  0  0  0  0
0.0265625   36734  38740  0  0  594  0  0  0  0  0  0  0  0  0  0
0.026875   37006  38762  0  0  594  0  0  0  0  0  0  0  0  0  0
0.0271875   37120  39428  0  0  656  0  0  0  0  0  0  0  0  0  0
0.0275   36770  39108  0  0  672  0  0  0  0  0  0  0  0  0  0
0.0278125   36978  38904  0  0  616  0  0  0  0  0  0  0  0  0  0
0.028125   36492  39282  0  0  626  0  0  0  0  0  0  0  0  0  0
0.0284375   36684  39264  0  0  638  0  0  0  0  0  0  0  0  0  0
0.02875   36646  39124  0  0  564  0  0  0  0  0  0  0  0  0  0
0.0290625   36690  39216  0  0  606  0  0  0  0  0  0  0  0  0  0
0.029375   36950  39124  0  0  656  0  0  0  0  0  0  0  0  0  0
0.0296875   36896  39470  0  0  612  0  0  0  0  0  0  0  0  0  0
0.03   37012  38860  0  0  628  0  0  0  0  0  0  0  0  0  0
0.0303125   36630  39274  0  0  590  0  0  0  0  0  0  0  0  0  0
0.030625   37494  38936  0  0  616  0  0  0  0  0  0  0  0  0  0
0.0309375   36800  39068  0  0  588  0  0  0  0  0  0  0  0  0  0
0.03125   36508  39044  0  0  652  0  0  0  0  0  0  0  0  0  0
0.0315625   36552  39106  0  0  670  0  0  0  0  0  0  0  0  0  0
0.031875   36664  39598  0  0  610  0  0  0  0  0  0  0  0  0  0
0.0321875   36990  38996  0  0  688  0  0  0  0  0  0  0  0  0  0
0.0325   36910  39512  0  0  598  0  0  0  0  0  0  0  0  0  0
0.0328125   36812  39402  0  0  670  0  0  0  0  0  0  0  0  0  0
0.033125   36476  39300  0  0  612  0  0  0  0  0  0  0  0  0  0
0.0334375   37340  38996  0  0  618  0  0  0  0  0  0  0  0  0  0
0.03375   36522  39224  0  0  630  0  0  0  0  0  0  0  0  0  0
0.0340625   37258  39088  0  0  644  0  0  0  0  0  0  0  0  0  0
0.034375   36870  38908  0  0  644  0  0  0  0  0  0  0  0  0  0
0.0346875   37336  39352  0  0  636  0  0  0  0  0  0  0  0  0  0
0.035   37486  38730  0  0  618  0  0  0  0  0  0  0  0  0  0
0.0353125   37078  38948  0  0  684  0  0  0  0  0  0  0  0  0  0
0.035625   36732  39028  0  0  642  0  0  0  0  0  0  0  0  0  0
0.0359375   36952  39138  0  0  654  0  0  0  0  0  0  0  0  0  0
0.03625   37048  39058  0  0  670  0  0  0  0  0  0  0  0  0  0
0.0365625   37078  38766  0  0  570  0  0  0  0  0  0  0  0  0  0
0.036875   36596  39490  0  0  616  0  0  0  0  0  0  0  0  0  0
0.0371875   36918  38668  0  0  584  0  0  0  0  0  0  0  0  0  0
0.0375   37120  38708  0  0  614  0  0  0  0  0  0  0  0  0  0
0.0378125   36350  39450  0  0  628  0  0  0  0  0  0  0  0  0  0
0.038125   36694  38682  0  0  656  0  0  0  0  0  0  0  0  0  0
0.0384375   37082  38806  0  0  642  0  0  0  0  0  0  0  0  0  0
0.03875   36988  39300  0  0  624  0  0  0  0  0  0  0  0  0  0
0.0390625   36790  38996  0  0  670  0  0  0  0  0  0  0  0  0  0
0.039375   37496  39442  0  0  682  0  0  0  0  0  0  0  0  0  0
0.0396875   37096  38980  0  0  618  0  0  0  0  0  0  0  0  0  0
0.04   36712  39424  0  0  664  0  0  0  0  0  0  0  0  0  0
0.0403125   36566  39372  0  0  624  0  0  0  0  0  0  0  0  0  0
0.040625   37044  39360  0  0  614  0  0  0  0  0  0  0  0  0  0
0.0409375   36938  39296  0  0  544  0  0  0  0  0  0  0  0  0  0
0.04125   36378  38478  0  0  580  0  0  0  0  0  0  0  0  0  0
0.0415625   36596  39358  0  0  618  0  0  0  0  0  0  0  0  0  0
0.041875   36948  39280  0  0  644  0  0  0  0  0  0  0  0  0  0
0.0421875   36732  38790  0  0  604  0  0  0  0  0  0  0  0  0  0
0.0425   36696  38876  0  0  608  0  0  0  0  0  0  0  0  0  0
0.0428125   36818  39212  0  0  606  0  0  0  0  0  0  0  0  0  0
0.043125   37180  38780  0  0  544  0  0  0  0  0  0  0  0  0  0
0.0434375   36858  39076  0  0  614  0  0  0  0  0  0  0  0  0  0
0.04375   36760  39164  0  0  610  0  0  0  0  0  0  0  0  0  0
0.0440625   36550  39286  0  0  590  0  0  0  0  0  0  0  0  0  0
0.044375   37204  39172  0  0  640  0  0  0  0  0  0  0  0  0  0
0.0446875   37326  39090  0  0  618  0  0  0  0  0  0  0  0  0  0
0.045   36670  38970  0  0  642  0  0  0  0  0  0  0  0  0  0
0.0453125   36590  39040  0  0  566  0  0  0  0  0  0  0  0  0  0
0.045625   36886  39158  0  0  602  0  0  0  0  0  0  0  0  0  0
0.0459375   36872  38988  0  0  610  0  0  0  0  0  0  0  0  0  0
0.04625   36698  38564  0  0  688  0  0  0  0  0  0  0  0  0  0
0.0465625   36524  39550  0  0  630  0  0  0  0  0  0  0  0  0  0
0.046875   36402  38954  0  0  642  0  0  0  0  0  0  0  0  0  0
0.0471875   37076  39044  0  0  698  0  0  0  0  0  0  0  0  0  0
0.0475   36640  39202  0  0  566  0  0  0  0  0  0  0  0  0  0
0.0478125   37534  39228  0  0  624  0  0  0  0  0  0  0  0  0  0
0.048125   36262  39232  0  0  598  0  0  0  0  0  0  0  0  0  0
0.0484375   36526  39588  0  0  670  0  0  0  0  0  0  0  0  0  0
0.04875   37144  38854  0  0  704  0  0  0  0  0  0  0  0  0  0
0.0490625   36764  39040  0  0  616  0  0  0  0  0  0  0  0  0  0
0.049375   36664  39078  0  0  564  0  0  0  0  0  0  0  0  0  0
0.0496875   36908  39158  0  0  602  0  0  0  0  0  0  0  0  0  0
0.05   36662  39498  0  0  662  0  0  0  0  0  0  0  0  0  0
0.0503125   36584  39350  0  0  598  0  0  0  0  0  0  0  0  0  0
0.050625   37258  39122  0  0  632  0  0  0  0  0  0  0  0  0  0
0.0509375   37144  39176  0  0  646  0  0  0  0  0  0  0  0  0  0
0.05125   37028  38768  0  0  538  0  0  0  0  0  0  0  0  0  0
0.0515625   36814  39164  0  0  524  0  0  0  0  0  0  0  0  0  0
0.051875   37048  38974  0  0  572  0  0  0  0  0  0  0  0  0  0
0.0521875   37122  38630  0  0  504  0  0  0  0  0  0  0  0  0  0
0.0525   36918  39678  0  0  494  0  0  0  0  0  0  0  0  0  0
0.0528125   36928  38614  0  0  444  0  0  0  0  0  0  0  0  0  0
0.053125   36892  38946  0  0  452  0  0  0  0  0  0  0  0  0  0
0.0534375   36408  39376  0  0  448  0  0  0  0  0  0  0  0  0  0
0.05375   36510  39186  0  0  418  0  0  0  0  0  0  0  0  0  0
0.0540625   36282  39034  0  0  384  0  0  0  0  0  0  0  0  0  0
0.054375   37108  39244  0  0  364  0  0  0  0  0  0  0  0  0  0
0.0546875   37032  38618  0  0  302  0  0  0  0  0  0  0  0  0  0
0.055   37044  39262  0  0  294  0  0  0  0  0  0  0  0  0  0
0.0553125   36780  39272  0  0  272  0  0  0  0  0  0  0  0  0  0
0.055625   37044  38566  0  0  266  0  0  0  0  0  0  0  0  0  0
0.0559375   36938  39372  0  0  216  0  0  0  0  0  0  0  0  0  0
0.05625   36988  39060  0  0  194  0  0  0  0  0  0  0  0  0  0
0.0565625   36722  39040  0  0  186  0  0  0  0  0  0  0  0  0  0
0.056875   36380  39356  0  0  158  0  0  0  0  0  0  0  0  0  0
0.0571875   36718  38764  0  0  176  0  0  0  0  0  0  0  0  0  0
0.0575   36706  39146  0  0  208  0  0  0  0  0  0  0  0  0  0
0.0578125   36644  38894  0  0  168  0  0  0  0  0  0  0  0  0  0
0.058125   36136  38778  0  0  212  0  0  0  0  0  0  0  0  0  0
0.0584375   36414  38652  0  0  156  0  0  0  0  0  0  0  0  0  0
0.05875   36986  39298  0  0  214  0  0  0  0  0  0  0  0  0  0
0.0590625   36972  39006  0  0  228  0  0  0  0  0  0  0  0  0  0
0.059375   36868  38838  0  0  246  0  0  0  0  0  0  0  0  0  0
0.0596875   36718  38786  0  0  292  0  0  0  0  0  0  0  0  0  0
0.06   36482  39052  0  0  286  0  0  0  0  0  0  0  0  0  0
0.0603125   36730  39084  0  0  310  0  0  0  0  0  0  0  0  0  0
0.060625   36892  39206  0  0  348  0  0  0  0  0  0  0  0  0  0
0.0609375   36926  38736  0  0  358  0  0  0  0  0  0  0  0  0  0
0.06125   36010  38622  0  0  374  0  0  0  0  0  0  0  0  0  0
0.0615625   36826  38730  0  0  416  0  0  0  0  0  0  0  0  0  0
0.061875   36940  39578  0  0  464  0  0  0  0  0  0  0  0  0  0
0.0621875   37086  39342  0  0  468  0  0  0  0  0  0  0  0  0  0
0.0625   36736  39828  0  0  510  0  0  0  0  0  0  0  0  0  0
0.0628125   37334  38344  0  0  440  0  0  0  0  0  0  0  0  0  0
0.063125   36986  38938  0  0  426  0  0  0  0  0  0  0  0  0  0
0.0634375   36716  39226  0  0  498  0  0  0  0  0  0  0  0  0  0
0.06375   36558  38634  0  0  530  0  0  0  0  0  0  0  0  0  0
0.0640625   36970  38944  0  0  544  0  0  0  0  0  0  0  0  0  0
0.064375   37060  38886  0  0  574  0  0  0  0  0  0  0  0  0  0
0.0646875   36364  38922  0  0  556  0  0  0  0  0  0  0  0  0  0
0.065   36896  39106  0  0  582  0  0  0  0  0  0  0  0  0  0
0.0653125   37170  38900  0  0  602  0  0  0  0  0  0  0  0  0  0
0.065625   37008  39130  0  0  680  0  0  0  0  0  0  0  0  0  0
0.0659375   36902  39364  0  0  620  0  0  0  0  0  0  0  0  0  0
0.06625   36698  39274  0  0  530  0  0  0  0  0  0  0  0  0  0
0.0665625   36710  38822  0  0  634  0  0  0  0  0  0  0  0  0  0
0.066875   37172  39058  0  0  650  0  0  0  0  0  0  0  0  0  0
0.0671875   36944  39024  0  0  592  0  0  0  0  0  0  0  0  0  0
0.0675   36730  39010  0  0  628  0  0  0  0  0  0  0  0  0  0
0.0678125   36822  38706  0  0  602  0  0  0  0  0  0  0  0  0  0
0.068125   36262  39244  0  0  614  0  0  0  0  0  0  0  0  0  0
0.0684375   37194  38786  0  0  668  0  0  0  0  0  0  0  0  0  0
0.06875   37142  38862  0  0  552  0  0  0  0  0  0  0  0  0  0
0.0690625   37360  38898  0  0  620  0  0  0  0  0  0  0  0  0  0
0.069375   37220  39300  0  0  624  0  0  0  0  0  0  0  0  0  0
0.0696875   36908  38626  0  0  646  0  0  0  0  0  0  0  0  0  0
0.07   37588  39454  0  0  586  0  0  0  0  0  0  0  0  0  0
0.0703125   36888  39132  0  0  606  0  0  0  0  0  0  0  0  0  0
0.070625   36736  39438  0  0  664  0  0  0  0  0  0  0  0  0  0
0.0709375   36324  39598  0  0  678  0  0  0  0  0  0  0  0  0  0
0.07125   36828  39330  0  0  636  0  0  0  0  0  0  0  0  0  0
0.0715625   37014  38908  0  0  582  0  0  0  0  0  0  0  0  0  0
0.071875   36780  39210  0  0  684  0  0  0  0  0  0  0  0  0  0
0.0721875   37006  39036  0  0  578  0  0  0  0  0  0  0  0  0  0
0.0725   36686  38834  0  0  590  0  0  0  0  0  0  0  0  0  0
0.0728125   36670  38806  0  0  612  0  0  0  0  0  0  0  0  0  0
0.073125   37172  39542  0  0  586  0  0  0  0  0  0  0  0  0  0
0.0734375   37298  39396  0  0  626  0  0  0  0  0  0  0  0  0  0
0.07375   36712  39032  0  0  638  0  0  0  0  0  0  0  0  0  0
0.0740625   37154  39080  0  0  624  0  0  0  0  0  0  0  0  0  0
0.074375   37140  38804  0  0  612  0  0  0  0  0  0  0  0  0  0
0.0746875   37122  38818  0  0  592  0  0  0  0  0  0  0  0  0  0
0.075   37078  39298  0  0  662  0  0  0  0  0  0  0  0  0  0
0.0753125   36934  39046  0  0  660  0  0  0  0  0  0  0  0  0  0
0.075625   36204  38912  0  0  582  0  0  0  0  0  0  0  0  0  0
0.0759375   36512  38928  0  0  628  0  0  0  0  0  0  0  0  0  0
0.07625   36544  39430  0  0  654  0  0  0  0  0  0  0  0  0  0
0.0765625   37172  39484  0  0  642  0  0  0  0  0  0  0  0  0  0
0.076875   36898  38896  0  0  632  0  0  0  0  0  0  0  0  0  0
0.0771875   36954  39334  0  0  696  0  0  0  0  0  0  0  0  0  0
0.0775   36394  38922  0  0  600  0  0  0  0  0  0  0  0  0  0
0.0778125   36868  38810  0  0  666  0  0  0  0  0  0  0  0  0  0
0.078125   37278  39356  0  0  618  0  0  0  0  0  0  0  0  0  0
0.0784375   37358  39110  0  0  626  0  0  0  0  0  0  0  0  0  0
0.07875   36836  38914  0  0  610  0  0  0  0  0  0  0  0  0  0
0.0790625   36918  39152  0  0  658  0  0  0  0  0  0  0  0  0  0
0.079375   36648  39154  0  0  614  0  0  0  0  0  0  0  0  0  0
0.0796875   36860  38762  0  0  604  0  0  0  0  0  0  0  0  0  0
0.08   36648  38954  0  0  650  0  0  0  0  0  0  0  0  0  0
0.0803125   36688  38974  0  0  614  0  0  0  0  0  0  0  0  0  0
0.080625   36786  38966  0  0  578  0  0  0  0  0  0  0  0  0  0
0.0809375   37136  38792  0  0  636  0  0  0  0  0  0  0  0  0  0
0.08125   37120  39288  0  0  622  0  0  0  0  0  0  0  0  0  0
0.0815625   36938  39362  0  0  660  0  0  0  0  0  0  0  0  0  0
0.081875   36880  39240  0  0  588  0  0  0  0  0  0  0  0  0  0
0.0821875   36522  39084  0  0  634  0  0  0  0  0  0  0  0  0  0
0.0825   36772  39072  0  0  674  0  0  0  0  0  0  0  0  0  0
0.0828125   36628  39604  0  0  624  0  0  0  0  0  0  0  0  0  0
0.083125   36722  38934  0  0  562  0  0  0  0  0  0  0  0  0  0
0.0834375   37126  38918  0  0  596  0  0  0  0  0  0  0  0  0  0
0.08375   37204  39314  0  0  622  0  0  0  0  0  0  0  0  0  0
0.0840625   36544  39024  0  0  646  0  0  0  0  0  0  0  0  0  0
0.084375   36942  39332  0  0  644  0  0  0  0  0  0  0  0  0  0
0.0846875   37254  39390  0  0  664  0  0  0  0  0  0  0  0  0  0
0.085   36976  38860  0  0  604  0  0  0  0  0  0  0  0  0  0
0.0853125   37138  39464  0  0  658  0  0  0  0  0  0  0  0  0  0
0.085625   37014  39258  0  0  662  0  0  0  0  0  0  0  0  0  0
0.0859375   36588  39436  0  0  688  0  0  0  0  0  0  0  0  0  0
0.08625   36776  38806  0  0  578  0  0  0  0  0  0  0  0  0  0
0.0865625   37154  39222  0  0  662  0  0  0  0  0  0  0  0  0  0
0.086875   36950  39408  0  0  642  0  0  0  0  0  0  0  0  0  0
0.0871875   36560  38860  0  0  556  0  0  0  0  0  0  0  0  0  0
0.0875   37216  39112  0  0  654  0  0  0  0  0  0  0  0  0  0
0.0878125   36602  39494  0  0  578  0  0  0  0  0  0  0  0  0  0
0.088125   36686  39166  0  0  660  0  0  0  0  0  0  0  0  0  0
0.0884375   36424  38928  0  0  644  0  0  0  0  0  0  0  0  0  0
0.08875   36836  39230  0  0  630  0  0  0  0  0  0  0  0  0  0
0.0890625   36884  39466  0  0  644  0  0  0  0  0  0  0  0  0  0
0.089375   36758  39196  0  0  584  0  0  0  0  0  0  0  0  0  0
0.0896875   36470  39204  0  0  588  0  0  0  0  0  0  0  0  0  0
0.09   36542  38280  0  0  676  0  0  0  0  0  0  0  0  0  0
0.0903125   37050  39314  0  0  614  0  0  0  0  0  0  0  0  0  0
0.090625   36800  38822  0  0  644  0  0  0  0  0  0  0  0  0  0
0.0909375   36940  39426  0  0  658  0  0  0  0  0  0  0  0  0  0
0.09125   36740  38918  0  0  650  0  0  0  0  0  0  0  0  0  0
0.0915625   36666  39092  0  0  610  0  0  0  0  0  0  0  0  0  0
0.091875   37028  38950  0  0  622  0  0  0  0  0  0  0  0  0  0
0.0921875   36842  39056  0  0  548  0  0  0  0  0  0  0  0  0  0
0.0925   37278  39668  0  0  594  0  0  0  0  0  0  0  0  0  0
0.0928125   37158  39092  0  0  660  0  0  0  0  0  0  0  0  0  0
0.093125   34418  36202  0  0  600  0  0  0  0  0  0  0  0  0  0
0.0934375   34710  36590  0  0  618  0  0  0  0  0  0  0  0  0  0
0.09375   34584  36556  0  0  680  0  0  0  0  0  0  0  0  0  0
0.0940625   34388  36558  0  0  616  0  0  0  0  0  0  0  0  0  0
0.094375   34840  36556  0  0  668  0  0  0  0  0  0  0  0  0  0
0.0946875   34724  36368  0  0  602  0  0  0  0  0  0  0  0  0  0
0.095   34414  36512  0  0  616  0  0  0  0  0  0  0  0  0  0
0.0953125   34580  36728  0  0  634  0  0  0  0  0  0  0  0  0  0
0.095625   34526  36780  0  0  572  0  0  0  0  0  0  0  0  0  0
0.0959375   34420  36736  0  0  596  0  0  0  0  0  0  0  0  0  0
0.09625   34242  35926  0  0  582  0  0  0  0  0  0  0  0  0  0
0.0965625   34600  36126  0  0  640  0  0  0  0  0  0  0  0  0  0
0.096875   34362  36460  0  0  622  0  0  0  0  0  0  0  0  0  0
0.0971875   34474  36610  0  0  658  0  0  0  0  0  0  0  0  0  0
0.0975   34612  36502  0  0  602  0  0  0  0  0  0  0  0  0  0
0.0978125   34548  36308  0  0  548  0  0  0  0  0  0  0  0  0  0
0.098125   34372  36258  0  0  644  0  0  0  0  0  0  0  0  0  0
0.0984375   34778  36204  0  0  676  0  0  0  0  0  0  0  0  0  0
0.09875   34482  36650  0  0  620  0  0  0  0  0  0  0  0  0  0
0.0990625   34892  36370  0  0  646  0  0  0  0  0  0  0  0  0  0
0.099375   34634  36380  0  0  614  0  0  0  0  0  0  0  0  0  0
0.0996875   34158  36652  0  0  536  0  0  0  0  0  0  0  0  0  0
0.1   34458  36378  0  0  652  0  0  0  0  0  0  0  0  0  0
0.100312   34154  35950  0  0  618  0  0  0  0  0  0  0  0  0  0
